 -- Error Report --
             H1            // H(curl)       // H(div)        // L2            // Total         // Rate       // Case tag
      1 ;    0.19679E+01 ;    0.00000E+00 ;    0.00000E+00 ;    0.00000E+00 ;    0.19679E+01 ;    0.000000 ;           1
      2 ;    0.65218E-02 ;    0.00000E+00 ;    0.00000E+00 ;    0.00000E+00 ;    0.65218E-02 ;   -2.974635 ;           1
      4 ;    0.26910E-02 ;    0.00000E+00 ;    0.00000E+00 ;    0.00000E+00 ;    0.26910E-02 ;   -1.030380 ;           1
      4 ;    0.00000E+00 ;    0.00000E+00 ;    0.00000E+00 ;    0.16835E-05 ;    0.16835E-05 ;   -1.002234 ;           1
      5 ;    0.22068E+00 ;    0.00000E+00 ;    0.00000E+00 ;    0.00000E+00 ;    0.22068E+00 ;   -0.355341 ;           1
      3 ;    0.21256E-02 ;    0.00000E+00 ;    0.00000E+00 ;    0.00000E+00 ;    0.21256E-02 ;   -1.275758 ;           1
      3 ;    0.22688E-03 ;    0.00000E+00 ;    0.00000E+00 ;    0.00000E+00 ;    0.22688E-03 ;   -1.642256 ;           1
      5 ;    0.83404E-02 ;    0.00000E+00 ;    0.00000E+00 ;    0.00000E+00 ;    0.83404E-02 ;   -0.677621 ;           1
      3 ;    0.00000E+00 ;    0.00000E+00 ;    0.00000E+00 ;    0.43869E-08 ;    0.43869E-08 ;   -1.672264 ;           1
      4 ;    0.13872E-03 ;    0.00000E+00 ;    0.00000E+00 ;    0.00000E+00 ;    0.13872E-03 ;   -1.357556 ;           1
      4 ;    0.74553E-05 ;    0.00000E+00 ;    0.00000E+00 ;    0.00000E+00 ;    0.74553E-05 ;   -1.688224 ;           1
      4 ;    0.00000E+00 ;    0.00000E+00 ;    0.00000E+00 ;    0.25872E-07 ;    0.25872E-07 ;   -1.325261 ;           1
      5 ;    0.00000E+00 ;    0.00000E+00 ;    0.00000E+00 ;    0.41595E-04 ;    0.41595E-04 ;   -0.664165 ;           1
      5 ;    0.33766E-03 ;    0.00000E+00 ;    0.00000E+00 ;    0.00000E+00 ;    0.33766E-03 ;   -1.019475 ;           1
      6 ;    0.00000E+00 ;    0.00000E+00 ;    0.00000E+00 ;    0.14130E-02 ;    0.14130E-02 ;   -0.333061 ;           1
